5.025523599197463387e-01
4.705840101300872713e-01
4.990756464861857422e-01
4.612072997695397247e-01
5.606943817920965190e-01
4.860447441080799624e-01
4.107737435906743118e-01
5.660888300929728389e-01
4.536753909295109244e-01
5.923051783911076340e-01
4.631467088136543286e-01
5.275112251471065772e-01
2.938763528366069022e-01
5.203381841409651098e-01
5.033640038244840964e-01
4.698621920725177814e-01
5.795480388940351668e-01
5.243569800829334104e-01
5.514282879278769034e-01
4.094746874841263540e-01
5.971132661715122802e-01
6.007182468928710106e-01
5.075688646707359197e-01
5.694103402508216005e-01
5.511698628748259443e-01
5.605765854847610807e-01
4.972460723334425903e-01
5.597896436724204561e-01
5.298416573571503863e-01
5.648921494899015183e-01
5.916214317401121692e-01
5.337417351721005510e-01
5.186299365208029144e-01
5.371724313976700138e-01
5.371170920015934103e-01
5.882310168110371773e-01
5.981985938190155228e-01
5.173583113411893697e-01
5.136180904805619507e-01
4.892375382927453553e-01
5.407079338316437278e-01
5.596070541788575881e-01
4.671852194185476259e-01
5.360540741160895184e-01
5.510896385513424089e-01
4.976861103821536569e-01
5.259934063332913912e-01
4.405890328121494504e-01
3.834036832726038235e-01
5.280066011437104523e-01
3.263855230005073271e-01
4.458730657897537197e-01
3.894940248688598117e-01
4.779066809677825489e-01
4.547648908541123691e-01
5.646819964336003972e-01
5.948688268961020986e-01
4.437542753358692527e-01
4.689038708420320001e-01
4.750212148274781665e-01
5.922599664488789051e-01
5.539558476499748529e-01
5.042203312867203913e-01
5.353479946843725523e-01
3.088059555274648704e-01
3.696881403206043748e-01
5.232264839259536116e-01
4.434398791396167994e-01
4.854293236770670927e-01
5.425536069757869173e-01
4.896251584581466920e-01
4.502347805112074108e-01
5.100749396278647652e-01
5.174744949522860349e-01
5.638638344080528775e-01
4.417040082647177845e-01
5.324347802762622317e-01
5.056534511355592620e-01
5.484757784476737008e-01
4.877343480927016084e-01
5.062316905707281434e-01
4.812135395246430747e-01
4.668713532061982696e-01
4.741744844836715544e-01
5.132508443183695368e-01
5.476894901833175844e-01
4.884392004758563721e-01
4.860116865134315733e-01
4.784044289940330152e-01
4.649964263659041031e-01
5.195667253090477944e-01
5.686871001649433932e-01
4.402038334661886321e-01
5.025868256825846148e-01
3.357661376124221331e-01
5.557100608751407433e-01
4.512014755823544609e-01
5.520630596739064533e-01
4.869639470895649191e-01
5.788472102179125223e-01
5.965085761111056373e-01
3.410543163488177210e-01
5.457268651932862813e-01
5.642428552816057818e-01
5.073197582866821875e-01
4.961710543991076361e-01
4.588177164651078277e-01
5.096510249598543707e-01
4.979387100242459452e-01
5.280683565098558407e-01
5.531820894922444554e-01
4.680025759462769774e-01
4.838405868774866003e-01
5.556539568647710370e-01
5.845617391839069699e-01
5.328805754968624075e-01
5.863212590991551121e-01
3.615676689079821982e-01
4.758273410405646220e-01
4.727398965544707954e-01
4.815531993817540601e-01
5.168713831601128295e-01
4.997432997064764626e-01
5.538806161014626639e-01
5.954674539016121537e-01
4.548835492490909682e-01
4.986750419202236606e-01
4.331965319061498176e-01
